 demo                      SWAT+ 2026-05-18        MODULAR Rev 2026.61.0.2.11-298-g33cb547                
       year      plant_no   plant_name       harv_area(ha)     yld(t)          yld(t/ha)      
        1975           1 corn                                       12.06000       207.7912       17.22979    
        1975           2 soyb                                      0.0000000E+00  0.0000000E+00  0.0000000E+00
        1976           1 corn                                       12.06000       181.8268       15.07685    
        1976           2 soyb                                      0.0000000E+00  0.0000000E+00  0.0000000E+00
        1977           1 corn                                       12.06000       206.5298       17.12519    
        1977           2 soyb                                      0.0000000E+00  0.0000000E+00  0.0000000E+00
        1978           1 corn                                       12.06000       199.6405       16.55394    
        1978           2 soyb                                      0.0000000E+00  0.0000000E+00  0.0000000E+00
        1979           1 corn                                       12.06000       210.3526       17.44217    
        1979           2 soyb                                      0.0000000E+00  0.0000000E+00  0.0000000E+00
        1980           1 corn                                       12.06000       203.8328       16.90156    
        1980           2 soyb                                      0.0000000E+00  0.0000000E+00  0.0000000E+00
        1981           1 corn                                       12.06000       198.3266       16.44499    
        1981           2 soyb                                      0.0000000E+00  0.0000000E+00  0.0000000E+00
        1982           1 corn                                       12.06000       207.9539       17.24327    
        1982           2 soyb                                      0.0000000E+00  0.0000000E+00  0.0000000E+00
        1983           1 corn                                       12.06000       204.1096       16.92451    
        1983           2 soyb                                      0.0000000E+00  0.0000000E+00  0.0000000E+00
        1984           1 corn                                       12.06000       199.3236       16.52766    
        1984           2 soyb                                      0.0000000E+00  0.0000000E+00  0.0000000E+00
        1985           1 corn                                       12.06000       200.5872       16.63244    
        1985           2 soyb                                      0.0000000E+00  0.0000000E+00  0.0000000E+00
        1986           1 corn                                       12.06000       201.6119       16.71740    
        1986           2 soyb                                      0.0000000E+00  0.0000000E+00  0.0000000E+00
        1987           1 corn                                       12.06000       216.3940       17.94312    
        1987           2 soyb                                      0.0000000E+00  0.0000000E+00  0.0000000E+00
        1988           1 corn                                       12.06000       174.4490       14.46509    
        1988           2 soyb                                      0.0000000E+00  0.0000000E+00  0.0000000E+00
        1989           1 corn                                       12.06000       192.0531       15.92480    
        1989           2 soyb                                      0.0000000E+00  0.0000000E+00  0.0000000E+00
        1990           1 corn                                       12.06000       221.0610       18.33010    
        1990           2 soyb                                      0.0000000E+00  0.0000000E+00  0.0000000E+00
        1991           1 corn                                       12.06000       206.5785       17.12923    
        1991           2 soyb                                      0.0000000E+00  0.0000000E+00  0.0000000E+00
        1992           1 corn                                       12.06000       214.1541       17.75738    
        1992           2 soyb                                      0.0000000E+00  0.0000000E+00  0.0000000E+00
        1993           1 corn                                       12.06000       246.0679       20.40364    
        1993           2 soyb                                      0.0000000E+00  0.0000000E+00  0.0000000E+00
        1994           1 corn                                       12.06000       218.4749       18.11566    
        1994           2 soyb                                      0.0000000E+00  0.0000000E+00  0.0000000E+00
        1995           1 corn                                      0.0000000E+00  0.0000000E+00  0.0000000E+00
        1995           2 soyb                                      0.0000000E+00  0.0000000E+00  0.0000000E+00
        1996           1 corn                                       12.06000       198.3391       16.44603    
        1996           2 soyb                                      0.0000000E+00  0.0000000E+00  0.0000000E+00
        1997           1 corn                                       12.06000       215.9197       17.90379    
        1997           2 soyb                                      0.0000000E+00  0.0000000E+00  0.0000000E+00
        1998           1 corn                                       12.06000       219.7373       18.22034    
        1998           2 soyb                                      0.0000000E+00  0.0000000E+00  0.0000000E+00
        1999           1 corn                                       12.06000       218.8695       18.14838    
        1999           2 soyb                                      0.0000000E+00  0.0000000E+00  0.0000000E+00
        2000           1 corn                                       12.06000       225.3496       18.68570    
        2000           2 soyb                                      0.0000000E+00  0.0000000E+00  0.0000000E+00
        2001           1 corn                                       12.06000       190.3858       15.78655    
        2001           2 soyb                                      0.0000000E+00  0.0000000E+00  0.0000000E+00
        2002           1 corn                                      0.0000000E+00  0.0000000E+00  0.0000000E+00
        2002           2 soyb                                      0.0000000E+00  0.0000000E+00  0.0000000E+00
        2003           1 corn                                       12.06000       198.0757       16.42418    
        2003           2 soyb                                      0.0000000E+00  0.0000000E+00  0.0000000E+00
        2004           1 corn                                       12.06000       207.2634       17.18602    
        2004           2 soyb                                      0.0000000E+00  0.0000000E+00  0.0000000E+00
        2005           1 corn                                       12.06000       205.8934       17.07242    
        2005           2 soyb                                      0.0000000E+00  0.0000000E+00  0.0000000E+00
        2006           1 corn                                       12.06000       209.0823       17.33684    
        2006           2 soyb                                      0.0000000E+00  0.0000000E+00  0.0000000E+00
        2007           1 corn                                       12.06000       202.6099       16.80016    
        2007           2 soyb                                      0.0000000E+00  0.0000000E+00  0.0000000E+00
        2008           1 corn                                       12.06000       227.8749       18.89510    
        2008           2 soyb                                      0.0000000E+00  0.0000000E+00  0.0000000E+00
        2009           1 corn                                       12.06000       216.7506       17.97269    
        2009           2 soyb                                      0.0000000E+00  0.0000000E+00  0.0000000E+00
        2010           1 corn                                       12.06000       234.2670       19.42512    
        2010           2 soyb                                      0.0000000E+00  0.0000000E+00  0.0000000E+00
        2011           1 corn                                       12.06000       210.4149       17.44734    
        2011           2 soyb                                      0.0000000E+00  0.0000000E+00  0.0000000E+00
        2012           1 corn                                       12.06000       183.9639       15.25406    
        2012           2 soyb                                      0.0000000E+00  0.0000000E+00  0.0000000E+00
        2013           1 corn                                       12.06000       192.5782       15.96834    
        2013           2 soyb                                      0.0000000E+00  0.0000000E+00  0.0000000E+00
        2014           1 corn                                       12.06000       225.3621       18.68674    
        2014           2 soyb                                      0.0000000E+00  0.0000000E+00  0.0000000E+00
        2015           1 corn                                       12.06000       225.0142       18.65789    
        2015           2 soyb                                      0.0000000E+00  0.0000000E+00  0.0000000E+00
        2016           1 corn                                       12.06000       210.8456       17.48305    
        2016           2 soyb                                      0.0000000E+00  0.0000000E+00  0.0000000E+00
        2017           1 corn                                       12.06000       198.3141       16.44395    
        2017           2 soyb                                      0.0000000E+00  0.0000000E+00  0.0000000E+00
        2018           1 corn                                       12.06000       213.4857       17.70197    
        2018           2 soyb                                      0.0000000E+00  0.0000000E+00  0.0000000E+00
        2019           1 corn                                       12.06000       194.6746       16.14217    
        2019           2 soyb                                      0.0000000E+00  0.0000000E+00  0.0000000E+00
        2020           1 corn                                       12.06000       190.2372       15.77422    
        2020           2 soyb                                      0.0000000E+00  0.0000000E+00  0.0000000E+00
