 demo                      SWAT+ 2026-05-18        MODULAR Rev 2026.61.0.2.11-298-g33cb547                
        jday        mon        day         yr            unit              gis_id     name                  npp_c         harv_c         drop_c      grazeat_c         emit_c
                                                                                                          kg C/ha        kg C/ha        kg C/ha        kg C/ha        kg C/ha
         366          12          31        2020           1                     1 hru0001            14937.90       7259.256      0.0000000E+00   4893.292      0.0000000E+00  0.0000000E+00
         366          12          31        2020           2                     1 hru0002            15282.19       7428.910      0.0000000E+00   5003.148      0.0000000E+00  0.0000000E+00
         366          12          31        2020           3                     1 hru0003            14946.14       7262.337      0.0000000E+00   4896.738      0.0000000E+00  0.0000000E+00
         366          12          31        2020           4                     1 hru0004            15262.92       7421.725      0.0000000E+00   4995.885      0.0000000E+00  0.0000000E+00
         366          12          31        2020           5                     1 hru0005            15264.73       7421.974      0.0000000E+00   4997.065      0.0000000E+00  0.0000000E+00
         366          12          31        2020           6                     1 hru0006            15265.28       7421.667      0.0000000E+00   4997.645      0.0000000E+00  0.0000000E+00
         366          12          31        2020           7                     1 hru0007            15252.00       7415.717      0.0000000E+00   4992.886      0.0000000E+00  0.0000000E+00
         366          12          31        2020           8                     1 hru0008            15282.35       7432.830      0.0000000E+00   5000.058      0.0000000E+00  0.0000000E+00
         366          12          31        2020           9                     1 hru0009            15270.86       7423.588      0.0000000E+00   5000.072      0.0000000E+00  0.0000000E+00
         366          12          31        2020          10                     1 hru0010            15278.64       7428.760      0.0000000E+00   5001.104      0.0000000E+00  0.0000000E+00
         366          12          31        2020          11                     1 hru0011            15280.60       7426.419      0.0000000E+00   5004.123      0.0000000E+00  0.0000000E+00
         366          12          31        2020          12                     1 hru0012            15281.69       7429.460      0.0000000E+00   5002.417      0.0000000E+00  0.0000000E+00
