 demo                      SWAT+ 2026-05-18        MODULAR Rev 2026.61.0.2.11-298-g33cb547                
        jday        mon        day         yr            unit              gis_id     name                  sed_c         surq_c       surq_doc       surq_dic         latq_c       latq_doc       latq_dic         perc_c       perc_doc       perc_dic      res_decay      man_app_c    man_graze_c          rsp_c         emit_c
                                                                                                          kg C/ha        kg C/ha        kg C/ha        kg C/ha        kg C/ha        kg C/ha        kg C/ha        kg C/ha        kg C/ha        kg C/ha        kg C/ha        kg C/ha        kg C/ha        kg C/ha        kg C/ha
         366          12          31        2020           1                     1 hru0001           0.4903665       5.124166      0.0000000E+00  0.0000000E+00  0.4560414      0.0000000E+00  0.0000000E+00  0.0000000E+00  0.0000000E+00  0.0000000E+00  0.0000000E+00  0.0000000E+00  0.0000000E+00   6968.094      0.0000000E+00
         366          12          31        2020           2                     1 hru0002            1.159834       3.207529      0.0000000E+00  0.0000000E+00   1.772117      0.0000000E+00  0.0000000E+00  0.0000000E+00  0.0000000E+00  0.0000000E+00  0.0000000E+00  0.0000000E+00  0.0000000E+00   7665.200      0.0000000E+00
         366          12          31        2020           3                     1 hru0003           0.5645983       5.023104      0.0000000E+00  0.0000000E+00   1.112284      0.0000000E+00  0.0000000E+00  0.0000000E+00  0.0000000E+00  0.0000000E+00  0.0000000E+00  0.0000000E+00  0.0000000E+00   7079.370      0.0000000E+00
         366          12          31        2020           4                     1 hru0004            1.528884       2.610574      0.0000000E+00  0.0000000E+00  0.2321936      0.0000000E+00  0.0000000E+00  0.0000000E+00  0.0000000E+00  0.0000000E+00  0.0000000E+00  0.0000000E+00  0.0000000E+00   8005.835      0.0000000E+00
         366          12          31        2020           5                     1 hru0005            1.448660       2.498187      0.0000000E+00  0.0000000E+00  0.2381328      0.0000000E+00  0.0000000E+00  0.0000000E+00  0.0000000E+00  0.0000000E+00  0.0000000E+00  0.0000000E+00  0.0000000E+00   8075.813      0.0000000E+00
         366          12          31        2020           6                     1 hru0006            2.172579       2.403707      0.0000000E+00  0.0000000E+00  0.2548949      0.0000000E+00  0.0000000E+00  0.0000000E+00  0.0000000E+00  0.0000000E+00  0.0000000E+00  0.0000000E+00  0.0000000E+00   8135.371      0.0000000E+00
         366          12          31        2020           7                     1 hru0007            1.555604       3.796042      0.0000000E+00  0.0000000E+00  0.1890979      0.0000000E+00  0.0000000E+00  0.0000000E+00  0.0000000E+00  0.0000000E+00  0.0000000E+00  0.0000000E+00  0.0000000E+00   7523.737      0.0000000E+00
         366          12          31        2020           8                     1 hru0008            2.100967       3.384452      0.0000000E+00  0.0000000E+00  0.3119750      0.0000000E+00  0.0000000E+00  0.0000000E+00  0.0000000E+00  0.0000000E+00  0.0000000E+00  0.0000000E+00  0.0000000E+00   7595.556      0.0000000E+00
         366          12          31        2020           9                     1 hru0009            1.869178       2.546343      0.0000000E+00  0.0000000E+00  0.2836616      0.0000000E+00  0.0000000E+00  0.0000000E+00  0.0000000E+00  0.0000000E+00  0.0000000E+00  0.0000000E+00  0.0000000E+00   8026.204      0.0000000E+00
         366          12          31        2020          10                     1 hru0010            1.854681       2.598722      0.0000000E+00  0.0000000E+00  0.2507997      0.0000000E+00  0.0000000E+00  0.0000000E+00  0.0000000E+00  0.0000000E+00  0.0000000E+00  0.0000000E+00  0.0000000E+00   7962.193      0.0000000E+00
         366          12          31        2020          11                     1 hru0011            1.536757       2.390691      0.0000000E+00  0.0000000E+00  0.5737664      0.0000000E+00  0.0000000E+00  0.0000000E+00  0.0000000E+00  0.0000000E+00  0.0000000E+00  0.0000000E+00  0.0000000E+00   8097.189      0.0000000E+00
         366          12          31        2020          12                     1 hru0012            1.652465       2.530256      0.0000000E+00  0.0000000E+00  0.3179280      0.0000000E+00  0.0000000E+00  0.0000000E+00  0.0000000E+00  0.0000000E+00  0.0000000E+00  0.0000000E+00  0.0000000E+00   7990.903      0.0000000E+00
