 demo                      SWAT+ 2026-05-18        MODULAR Rev 2026.61.0.2.11-298-g33cb547                
        jday        mon        day         yr            unit              gis_id     name                plant_c    rsd_decay_c    harv_stov_c         emit_c
                                                                                                          kg C/ha        kg C/ha        kg C/ha        kg C/ha
         366          12          31        2020           1                     1 hru0001            4893.292      0.0000000E+00   906.8213       51.36354      0.0000000E+00  0.0000000E+00
         366          12          31        2020           2                     1 hru0002            5003.148      0.0000000E+00   952.4432       51.87530      0.0000000E+00  0.0000000E+00
         366          12          31        2020           3                     1 hru0003            4896.738      0.0000000E+00   914.2654       51.37577      0.0000000E+00  0.0000000E+00
         366          12          31        2020           4                     1 hru0004            4995.885      0.0000000E+00   941.0848       51.81882      0.0000000E+00  0.0000000E+00
         366          12          31        2020           5                     1 hru0005            4997.065      0.0000000E+00   939.9778       51.82554      0.0000000E+00  0.0000000E+00
         366          12          31        2020           6                     1 hru0006            4997.645      0.0000000E+00   940.9037       51.82816      0.0000000E+00  0.0000000E+00
         366          12          31        2020           7                     1 hru0007            4992.886      0.0000000E+00   941.1303       51.79032      0.0000000E+00  0.0000000E+00
         366          12          31        2020           8                     1 hru0008            5000.058      0.0000000E+00   949.6249       51.87349      0.0000000E+00  0.0000000E+00
         366          12          31        2020           9                     1 hru0009            5000.072      0.0000000E+00   940.7708       51.84667      0.0000000E+00  0.0000000E+00
         366          12          31        2020          10                     1 hru0010            5001.104      0.0000000E+00   942.5958       51.86681      0.0000000E+00  0.0000000E+00
         366          12          31        2020          11                     1 hru0011            5004.123      0.0000000E+00   949.7645       51.86831      0.0000000E+00  0.0000000E+00
         366          12          31        2020          12                     1 hru0012            5002.417      0.0000000E+00   942.1815       51.88106      0.0000000E+00  0.0000000E+00
